=================================
Enumeration done in 0ms
Enumerated 4015 nodes
[241 -46 -94 185 -300 1529 -223 -743 -433 96 -736 805 -186 -33 600 1106 655 9 -563 400 -1169 -957 478 910 -752 -1402 -1456 -1029 956 748 549]
=================================
Enumeration done in 2ms
Enumerated 97012 nodes
[593 -287 332 -279 1184 -286 -907 -201 657 806 -2178 431 -180 -83 266 -727 -227 568 407 -31 -869 -123 768 -306 1045 180 651 700 -1407 148 273 584]
=================================
Enumeration done in 1ms
Enumerated 47522 nodes
[316 -383 -56 182 -569 1065 590 -669 -218 239 -347 325 574 269 299 -912 -244 -98 879 -342 715 217 259 30 1120 -552 -482 707 330 24 37 -601 -17]
=================================
Enumeration done in 2ms
Enumerated 71564 nodes
[-305 -679 -357 -53 979 25 87 -101 140 33 -307 -576 285 -399 573 -608 245 220 -157 -72 752 417 -555 579 156 483 392 -575 -244 147 252 443 -449 -412]
=================================
Enumeration done in 6ms
Enumerated 259155 nodes
[-42 -125 999 -423 157 23 166 -802 321 -195 62 379 -117 672 -281 -221 150 102 -277 -185 -6 -566 427 18 825 -110 -103 -126 450 -6 30 71 70 -150 303]
=================================
Enumeration done in 7ms
Enumerated 279121 nodes
[-490 336 187 -54 158 -340 -168 119 -307 -102 283 -147 502 246 -12 -320 165 -267 251 -35 -20 118 263 96 175 -311 -151 -426 357 55 -119 -255 619 -62 -193 496]
=================================
Enumeration done in 2ms
Enumerated 95178 nodes
[-136 65 -130 354 -396 211 108 143 -25 37 -322 -85 -178 -121 -67 196 -189 -285 -223 142 108 96 -292 -380 -49 -138 257 -187 104 -125 65 -509 -32 59 -376 -249 -44]
=================================
Enumeration done in 26ms
Enumerated 987179 nodes
[159 -266 312 0 391 -112 -237 -162 -172 263 -222 43 -123 -224 371 -17 -32 130 78 106 -109 -59 1 -1 118 206 -4 -226 394 70 -141 12 123 -81 -235 -220 -84 -170]
=================================
Enumeration done in 23ms
Enumerated 926547 nodes
[200 11 236 -58 -27 20 87 84 216 -100 -102 -178 203 -30 -42 -381 106 -68 -155 193 -207 -78 14 308 -90 130 -406 -90 106 -43 -27 204 -18 124 -82 -127 -174 -89 240]
=================================
Enumeration done in 45ms
Enumerated 1891938 nodes
[162 -14 123 50 79 60 -3 -72 -58 161 43 147 70 95 -63 -116 -102 -336 -302 210 -95 -132 -58 -29 71 46 -12 206 7 -215 37 -208 59 -137 -53 192 164 3 -57 163]
=================================
Enumeration done in 320ms
Enumerated 13604179 nodes
[41 -4 -108 186 184 -14 -36 22 142 184 240 99 19 8 99 -133 -61 -99 -181 104 49 -141 28 38 -15 -91 21 -115 -186 -127 57 -120 108 -121 -109 61 -62 -62 -3 136 158]
=================================
Enumeration done in 31ms
Enumerated 1300028 nodes
[-47 -3 50 -97 -21 38 -58 150 -85 122 -57 13 -25 23 133 108 27 5 156 -25 3 -78 -100 -66 -89 -126 -230 84 -107 17 118 18 -100 -90 -29 -73 -60 84 87 -68 -1 84]
=================================
Enumeration done in 1131ms
Enumerated 49352812 nodes
[47 3 -50 97 21 -38 58 -150 85 -122 57 -13 25 -23 -133 -108 -27 -5 -156 25 -3 78 100 66 89 126 230 -84 107 -17 -118 -18 100 90 29 73 60 -84 -87 68 1 -84 0]
=================================
Enumeration done in 355ms
Enumerated 15063708 nodes
[-106 -76 -34 165 -128 49 73 13 30 74 91 81 -38 -161 -55 19 20 52 -12 38 -33 54 58 -73 -12 -33 -150 -43 64 124 -40 45 7 -19 -21 63 -27 31 -34 -62 -132 -14 13 -83]
=================================
Enumeration done in 616ms
Enumerated 26112247 nodes
[4 61 -60 -2 -23 -34 -91 -23 -90 -18 60 15 -14 -30 -16 -51 51 78 -81 -14 73 31 3 23 -99 74 23 95 7 -106 -103 -4 81 38 123 -16 45 -141 76 64 -72 26 0 -85 -3]
=================================
Enumeration done in 6907ms
Enumerated 300219856 nodes
[-27 -1 -73 -97 3 -2 55 53 -28 -122 -89 -62 8 46 66 -86 7 -42 -12 19 22 111 4 16 57 90 27 -9 -136 50 55 80 23 18 -4 101 -17 -29 36 -51 -34 107 -76 0 32 7]
=================================
Enumeration done in 4551ms
Enumerated 194968740 nodes
[-33 -12 -34 -61 43 38 37 -16 -60 20 96 -60 -7 -75 -54 39 41 64 -58 -24 -26 -16 17 -13 170 -35 -24 28 -35 -11 -80 51 16 68 27 43 -34 15 26 8 -66 -1 72 33 -31 -39 -56]
=================================
Enumeration done in 17447ms
Enumerated 762483544 nodes
[63 -45 12 33 2 58 -87 -2 0 13 -9 -44 20 -52 32 8 5 -26 73 -40 -4 54 -39 -37 -46 18 49 -72 20 -56 0 -1 -50 91 -65 8 2 -57 92 -16 -55 -90 -3 -51 -65 17 72 -42]
=================================
Enumeration done in 23637ms
Enumerated 1028036774 nodes
[-38 -7 16 -5 29 -16 44 -69 -37 -14 43 0 59 3 -11 -68 -2 0 -23 -14 -64 -20 39 12 89 -31 -28 -51 54 -21 36 16 70 -47 21 1 45 21 -43 -15 -11 -38 39 45 -41 9 112 5 60]
=================================
Enumeration done in 49768ms
Enumerated 18446744071573121333 nodes
[59 -40 56 -25 -19 10 -25 -32 31 0 -4 -68 -77 -59 22 4 -18 -11 33 70 -5 29 -3 23 -22 -20 -50 -24 -36 11 25 41 48 -55 -47 25 -8 10 -14 74 -18 -37 10 -15 27 23 -79 9 41 22]
=================================
Enumeration done in 161700ms
Enumerated 18446744072200681068 nodes
[-5 -12 0 -7 -36 11 24 15 32 8 20 -2 17 29 -75 -3 -58 76 -37 8 -64 -4 -17 -10 10 -2 -23 29 37 72 -22 9 80 -23 58 -21 27 -8 -6 -6 -10 31 -18 -12 -42 7 38 -17 -73 -60 34]
=================================
Enumeration done in 234931ms
Enumerated 2022409687 nodes
[4 19 -23 -8 25 -4 -27 -7 27 -29 49 2 -40 -3 35 -16 4 -30 -21 14 55 29 37 -35 -14 -76 -7 44 -69 -18 46 2 18 41 -27 2 -23 -59 2 51 -15 8 9 11 -4 34 3 -48 21 -9 22 63]
=================================
Enumeration done in 691356ms
Enumerated 219106522 nodes
[-7 65 -37 -12 42 2 -34 -3 -21 -6 -10 24 12 -1 14 27 4 -16 8 16 -35 -31 -26 13 60 -19 34 31 22 9 -16 16 -1 -7 -16 72 14 34 23 -55 -19 -41 -25 -12 -8 -5 -7 -20 -41 16 9 30 -8]
=================================
Enumeration done in 981374ms
Enumerated 1894042998 nodes
[24 1 4 -29 55 2 23 -2 24 -34 -31 -24 28 -15 -16 7 5 16 -25 18 16 -13 -31 16 43 -16 13 -29 20 7 19 -23 -63 22 -22 -11 -1 -3 16 58 -2 -15 -15 -9 6 -37 14 -10 12 -51 29 59 31 -6]
=================================
Enumeration done in 2122981ms
Enumerated 1003554719 nodes
[-2 42 -14 12 17 19 -11 17 35 -10 -7 13 1 -26 -29 -41 9 -34 -34 -1 -28 34 -6 61 -8 55 -27 33 11 5 9 23 -18 -7 5 -14 12 28 -45 -12 6 32 -3 -24 30 -9 -10 -31 -25 3 -1 4 14 3 -26]
=================================
Enumeration done in 1128593ms
Enumerated 18446744072245695389 nodes
[2 -10 -8 -4 -31 6 -35 1 14 -6 18 20 -31 -17 17 27 38 1 -2 23 -21 2 -1 7 16 -18 -6 -8 2 14 -63 -2 8 27 -16 7 2 -53 -18 27 35 25 10 3 -34 2 -15 -33 46 3 8 9 -3 19 -25 2]