490, 45358439, [90, 60, 175, 30, -106, 47, 57, -72, 35, -220, -169, 77, -29, -7, -57, 117, -41, 55, -31, -69, -6, 118, 27, 31, 17, 145, -162, 36, 94, 243, -297, -81, -69, -174, 63, 111, -230, 0, 90, -25, -8], 33
297, 63918284, [94, 165, -121, -38, 71, 58, 104, -69, 16, 186, 130, 5, -123, 129, -75, 65, -8, 211, -105, 83, 97, -48, -66, 127, -139, 61, -165, 18, 108, 91, -135, -52, 98, 50, -217, 84, 0, -9, 140, -231, -199], 33
311, 22777556, [-93, -96, 60, 25, 110, -37, -12, -109, -176, -83, 107, 98, -8, -229, -23, -24, -112, -28, -149, 39, 41, -109, 11, 114, 166, -214, -9, -49, -229, 214, 32, -13, 57, 33, 200, -37, 182, 141, -122, 105, 154], 33
184, 3409837, [-36, 57, -124, 6, 78, 24, -40, -20, 45, 128, -111, -152, 167, -138, -7, 97, 78, 81, -14, 16, -116, -40, -198, -64, 114, -135, -77, -98, 18, -49, 171, 76, -184, 154, -162, 57, 44, 293, -67, -4, -100], 33
266, 36165543, [-79, -96, -31, -101, 19, -30, 16, -77, 43, -79, 117, -77, 55, -48, 63, -86, 35, -17, -69, 74, 165, 43, 84, 34, -189, 1, -114, 76, 21, 238, -110, 66, 81, 81, 19, -124, 218, -116, -126, -83, -147, 79], 33
194, 28130626, [61, -222, 119, 60, -150, 29, 4, 120, 32, -98, -29, -61, 62, 0, -14, -22, 68, 59, -34, -17, 66, -53, 208, 32, 72, -128, 45, 8, 124, -167, 18, 1, 92, 40, -133, 26, 133, 39, -118, -2, -36, 180], 33
240, 27382735, [-13, 149, -12, 30, -13, -39, 175, -29, 16, -76, 49, 184, -100, 99, -64, -95, -28, -113, -224, 100, -50, 50, -79, -193, -47, 40, 148, 3, 118, -43, 109, 41, 36, -135, 80, -24, -93, -105, -130, -135, 24, 34], 33
644, 131086296, [230, -45, -4, 35, -26, 100, 4, 42, 7, -176, 48, -105, 70, 129, -67, 4, 74, 98, 46, -98, 66, -153, 124, 209, 43, -110, 2, -43, -81, -50, 51, 56, -161, 147, 62, 58, -231, -83, 9, -27, -181, 108], 33
708, 54664660, [26, -41, -151, 12, 98, -25, -148, -13, 51, -166, 61, 7, 51, 33, -63, 57, -152, 69, -18, -35, 55, -116, -118, -100, -86, -62, -58, 97, 62, 114, 105, -15, -200, 77, 75, 106, 61, 80, 51, 21, -6, -85, -204], 36
532, 23210462, [-41, 78, -80, -19, 61, -5, 0, -25, 36, -124, -100, -81, 133, -62, 113, -2, -198, 31, 13, 52, -67, -114, -16, -10, -34, 12, 72, 118, 10, 86, 87, -55, 55, 53, -77, 54, 176, 20, 37, -28, -72, -194, -75], 36
541, 63289210, [-112, 26, -7, -50, 47, -143, 83, 220, -20, 164, -9, -35, -24, 24, 12, 67, 76, 40, 105, -17, -74, 90, -21, 105, 41, 20, -71, -41, -137, -102, 34, -19, -87, -7, -201, 66, 67, 16, 18, 76, 46, 0, -263], 36
1237, 78704092, [43, 26, -38, 86, -31, -77, 15, 29, -13, 154, 14, 9, 95, 138, 35, -75, -118, -58, -105, 44, 162, -51, -112, -22, -141, -5, -44, 19, -59, -154, -69, 177, 2, -100, -63, -89, -86, -37, 29, 116, 94, -11, 198], 36
641, 116727254, [9, -24, 49, -21, 50, -110, 4, 46, 28, 72, -43, 67, -135, -60, 137, 146, 11, -116, -82, 1, 1, -56, 9, 27, 14, 8, 3, -178, -77, -36, 45, 110, 122, -17, 22, -80, -57, 21, 57, 6, 25, 37, 25, -188], 36
1016, 247642295, [-70, 19, -60, 10, -70, 106, 116, 64, -42, -61, -73, -27, 43, 101, 123, 81, -65, -43, 58, 4, -26, -49, 83, -89, -75, -6, 47, -176, 73, 8, -15, 72, -52, 53, 20, -15, 24, 132, 1, -4, 68, -208, 20, -32], 36
867, 133849013, [-2, -112, -35, -73, -92, -63, -23, 150, 0, -18, -58, 120, 28, 30, -93, -72, 119, -56, -103, -14, 28, 27, 73, -65, 39, 83, 55, -77, 119, -37, -27, -88, -102, -141, 41, 52, -51, -93, -51, -64, 85, 126, -17, 76], 36
1110, 189370699, [-21, 32, 0, -44, 114, 23, -62, 51, -128, 67, -151, -155, 9, -97, 18, -31, 37, 10, 21, -128, -75, 108, 54, 63, 21, -50, -72, 28, 97, -77, -31, 145, 17, -106, -35, 111, 39, 83, -37, 59, -89, 46, -7, -29], 36
763, 234983575, [-62, 61, -43, 29, -54, -117, 19, 36, 31, -38, 8, 75, 7, 101, 71, 7, 17, -6, 62, -142, 68, 148, 36, -43, -41, -48, 17, -7, 12, -1, -106, 6, 70, -17, -27, -18, 75, -62, 59, -160, 31, -63, 0, 44, 118], 36
2712, 1247891676, [13, -12, -104, -10, 34, 22, -64, 6, 18, 56, 40, -15, -6, -49, 18, -95, -57, 113, -24, -13, 121, 24, -85, -103, -93, -142, 2, -66, -61, 24, 90, -45, -56, 38, 31, -12, 93, -9, -2, -40, 62, 120, -74, 101, 106], 36
1050, 400066441, [-3, -67, 44, 17, -44, 10, 68, 41, 24, 10, -10, 17, -64, -91, 11, 51, -1, -18, 11, -116, -109, 34, -79, -26, -32, -8, 64, -12, 47, 33, -1, -90, 126, 1, 31, 145, -114, 132, 34, 19, -134, -67, 70, -17, 152], 36
513, 114557137, [41, 11, -17, 51, 104, 40, 125, 86, 1, -136, -47, -46, 16, 4, -13, 86, 62, 22, 53, -54, -96, 11, -50, 111, 106, 20, 27, 23, 6, -79, -15, 36, 16, -13, 10, -56, -115, 93, -106, -59, 0, -38, -95, -99, -34], 36
5243, 617948999, [25, -1, -37, 41, 47, -63, 101, -5, 17, -35, 40, -18, 12, 46, -89, 50, 67, -17, -95, -78, -23, 114, -88, 52, -99, 4, 49, -75, 107, 21, -11, -82, 105, 86, 19, 19, -32, -64, -45, -4, 11, -103, 14, -14, -22, -22], 39
6054, 1789428464, [4, 5, -71, 25, 29, -36, -13, -44, -44, -86, 44, -44, -31, 42, -60, 78, 93, -96, 56, -18, -103, 24, -5, 53, -74, 131, 19, 5, -16, 17, -61, 57, -43, -126, -16, -18, -11, 1, 13, -29, -122, 72, -1, 59, 22, -30], 39
8283, 918944080, [-35, 146, 95, 94, -21, -25, 54, -22, -14, -34, 46, 26, -45, -9, 29, -30, -136, -119, -58, -15, 7, 5, -9, 111, -40, 42, -57, -63, -31, -50, -76, 93, 1, 9, -7, -93, 62, -21, 18, -14, 69, -26, -16, -50, -34, 3], 39
10116, 2642326483, [66, 4, -61, -19, -12, 84, 9, -25, -22, 28, 47, -47, 53, -59, 52, -38, -12, 9, 76, 17, -45, 2, -99, -139, 19, 89, -9, -92, -9, -72, 108, -10, -15, 2, -31, -62, 92, 108, -60, 43, -47, -35, -72, 78, -24, 112], 39
5814, 1421702805, [-31, -27, 1, -13, -36, -70, -50, 12, -40, 32, 88, 20, 29, 93, 94, 19, -40, -5, 59, 2, 19, -7, -62, -41, -12, 32, -31, -5, -51, -4, 51, 35, 74, 14, -21, 105, -72, -4, 112, 61, 39, -20, -13, -70, -145, 55, 143], 39
3781, 1432740517, [-45, 9, -76, 34, -10, -39, -15, -34, -62, -46, 76, -58, 57, 62, 51, 4, -9, -10, -11, -36, 33, -69, 34, -71, -67, -69, -49, -21, 88, -54, -54, -4, -24, -75, 113, -43, 12, 22, 64, -25, 7, -25, 14, 17, 93, -20, 24], 39
1984, 353349472, [-5, 43, 57, -28, -28, -13, 57, 10, 5, 25, -34, -10, 67, 21, 50, 32, 52, 105, -38, 0, 38, 7, 40, -2, -28, 8, 16, -164, 40, 17, 83, 35, -48, 40, 6, 79, 0, 0, -11, -22, 18, 19, -78, -95, -111, 16, -61], 39
9485, 2368306389, [86, 89, 11, -8, -11, -99, -59, -12, 28, 47, 16, -9, -28, 100, -62, 15, 30, -67, -52, -53, 34, -59, 103, -19, -40, 52, -73, -13, 6, 104, -94, 44, -70, -67, 40, 61, -56, -7, 57, -11, 33, 53, 24, -30, -4, 28, 93], 39
2545, 833937379, [10, 149, -21, 22, -4, 24, 11, -17, 0, 19, -26, -53, 66, -36, -43, -8, 24, -58, 8, -6, -20, 13, -8, -3, 70, -40, 22, 79, 31, -9, -47, -45, -39, -3, -13, 4, -7, 29, 19, 53, -49, 2, 68, 72, -58, 110, 90, 54], 39
2271, 843898665, [1, -93, -19, -1, -2, 13, -7, -80, 7, -35, -67, -57, 30, 45, 13, 8, 54, 11, -12, 6, -44, -6, -96, 43, -15, -123, 12, 55, 45, -10, -56, 52, -13, -28, -1, -25, 4, -15, -40, 8, 51, 88, 57, 6, 87, -47, 10, -48], 39
2312, 1059433648, [-36, -14, -16, 23, 17, -20, -35, 36, -37, -6, -40, 39, -22, -33, -59, -26, 32, 26, -67, -40, 25, -5, 89, -29, 23, 67, -73, 78, 1, -35, -66, 18, 40, 67, 39, -2, 72, 5, 14, -51, 9, -35, -24, 45, -79, 67, -12, -118], 39
5256, 1693847396, [-49, 87, 67, -41, -21, -12, -99, -71, 11, 56, 10, -44, 18, 45, 49, 36, -50, -34, -20, -18, -16, -13, -5, 17, 5, 15, 62, -37, 15, 94, -87, -18, -48, 96, 16, 61, 23, 9, -22, -34, 79, 19, 1, -50, -41, 4, -43, 40], 39
40694, 6594127493, [22, 12, 7, 22, 24, -17, -12, 95, -7, 77, 11, 38, 3, -25, -30, 8, -60, 8, -57, 38, 22, 15, 23, -59, 27, 18, 2, -15, 10, -60, -14, -22, -35, 6, -23, -17, 59, -81, 31, 23, 116, 0, 6, -55, -86, 56, 35, 1, 61], 42
25367, 7623003275, [20, -58, -21, 53, -17, -44, 10, 25, 10, 70, -45, 5, -53, 16, 9, -59, -34, 35, -27, -39, 11, -53, 52, 35, -3, -31, -1, 23, -44, 41, -30, -22, 79, -47, -68, 24, -13, -19, -22, 11, 77, 82, -3, 6, 46, -32, -41, 38, 86], 42
40763, 9835415450, [-34, 17, 20, 28, -69, -23, -4, 46, 31, 13, 17, 35, 24, 33, -41, 79, -26, 68, 35, -36, 23, 24, 4, 12, 61, -84, -18, -46, -78, -70, -65, -23, -20, -13, 36, 32, 65, 25, 13, 30, 28, 20, 43, -16, -7, -11, 21, -100, -60], 42
56315, 10517181187, [-6, 30, 16, -9, 57, 98, 17, 2, 40, -28, -34, -2, -27, 29, -51, 27, 14, -58, 18, -55, 12, -39, -27, -1, -16, -38, -6, 75, -22, -7, 64, 33, 42, 47, -18, -30, 23, -63, 72, 1, -96, -73, 7, -52, -20, -32, 16, -31, 3], 42
27012, 7454959321, [41, 60, -69, 17, -7, 73, -37, -49, -8, -40, -93, -21, 14, -10, -47, 6, 63, -17, 36, 12, -32, -22, 20, -70, 2, -24, -8, 51, 11, 38, -31, 5, -21, -35, 43, 4, -1, -77, 19, -7, -2, 20, 3, -31, 11, 27, -26, -17, -20, 62], 42
25921, 10858310274, [22, -38, 31, -16, -13, 10, -23, -14, -42, 69, -13, 4, 3, -5, -23, -25, 43, -10, 43, 25, 47, -36, 26, -73, -2, -90, 7, 23, 20, 16, 26, 18, 51, 36, 35, 34, 24, -24, 6, -19, -17, 36, 13, 16, 46, -43, -1, 69, -75, -33], 42
31648, 11707378836, [43, -32, -53, -31, 21, 47, 13, 21, 65, 7, -46, 42, 31, -22, -4, 26, 21, 69, -20, -95, 7, -36, 67, -24, 30, 26, -7, -84, -27, -38, -31, 29, -33, -22, -19, 5, -43, 11, -4, -36, -2, 17, 0, -55, -5, -2, 35, 29, 14, -1], 42
50751, 17403372309, [46, 8, 23, -11, 62, -69, 74, 39, 9, -52, 5, 3, -23, 16, -24, -44, -43, -56, 32, -36, 11, -3, 8, -12, -35, 42, 55, -17, -88, -7, 3, -7, 5, -20, 37, -62, -6, 9, -18, 41, 9, 39, 17, -62, -6, 69, -18, 2, 43, 8], 42
16606, 7852358731, [-19, -15, -19, 30, 2, -6, 12, -19, -7, 43, -15, 40, -4, -14, 21, 5, 43, -15, 4, -4, 49, 25, -59, -32, -7, 4, 27, 8, 15, 8, -17, 65, 27, 21, -38, -61, -18, 21, -32, -39, -54, 8, -19, -36, 4, 10, 49, -94, -8, 30, -90], 42
60045, 27641455462, [48, 36, -16, -28, -85, -34, -8, -22, -5, 3, 43, -43, 29, -31, 0, 13, -55, 22, 7, 59, -25, -2, -47, 8, -26, 18, -10, -30, 16, -24, 2, -5, 19, -29, 54, -4, 46, 4, -19, -32, -42, -19, 27, 62, -20, -30, -33, 68, -21, 22, -16], 42
32776, 14913973179, [-3, 33, -6, -10, 4, 18, 25, -9, -24, 44, -35, -30, 7, 74, -41, -54, 3, -11, -3, 17, 45, 10, -42, 13, 17, -5, 28, -26, -8, 30, 1, 7, -23, -10, -51, 9, 21, 2, 36, -25, 5, -25, 29, -9, 36, -93, -54, -60, 69, -6, 60], 42
40848, 11117990579, [-15, 6, -45, -35, 3, -25, -77, -2, -2, -12, -26, 29, 31, 47, 19, 49, 59, -6, 36, -15, -10, 49, 65, -32, 34, -13, 2, 34, -14, -18, 7, -4, 4, -56, 35, 20, -29, -44, -81, 16, 44, 12, -68, -41, 2, -25, 16, 22, 35, 38, -9], 42
354691, 86513157319, [-45, 4, -14, -12, -43, -7, -12, 5, 8, 4, -21, 19, -21, 56, 24, 2, -45, 34, -18, 17, 27, 6, -24, -26, -8, -19, -4, 10, 30, 9, 62, -35, 68, 1, 16, -23, -2, -8, 29, 46, 18, 33, -16, -30, -4, 31, 26, 27, 66, -31, -72, 7], 45
327921, 90509591183, [10, -72, -67, 26, 40, -14, 3, -40, -4, 46, 0, 14, 7, 28, -28, 51, 45, 5, 7, -57, -28, -13, 15, -19, 33, 32, -27, -34, -5, -36, 25, 33, 3, 37, 37, -10, -7, -16, -23, -3, -11, 37, -37, 46, -65, 8, 5, 30, -25, -9, 8, 33], 45
213158, 54607239729, [-33, -10, 29, -13, 13, -42, 8, 28, 11, 35, -67, 52, -7, -11, 4, -59, 29, 35, -19, -54, 12, 45, 26, 24, 9, -28, 31, -6, 26, -22, 15, 13, -13, 22, 16, -40, -6, 6, -17, -43, -68, -29, -23, 8, -8, -9, 52, 21, 18, 35, 58, 78], 45
207247, 62652469396, [-39, 1, 2, -37, 6, -4, 4, 23, 50, 22, 0, -15, 15, -75, 59, 5, -23, 44, 13, -1, -5, 7, -31, -36, 17, 39, 1, -20, 11, -63, 29, 56, -35, 10, 5, 8, -72, -5, 40, -34, 19, 24, 18, -11, 17, -11, 4, 30, 8, -8, -45, -52], 45
185955, 40926549774, [-9, 3, -31, -20, 9, 34, -13, 17, -7, -29, -55, 45, -14, 11, -22, 22, -7, -5, -14, 5, 20, -38, 28, -3, 33, 33, 10, 8, 28, -51, -26, -14, -29, -12, -14, 45, 38, -4, 30, -35, 13, -21, -66, 6, -18, 3, -10, 17, -15, 77, 27, -52, -66], 45
266989, 104635930423, [0, 1, 26, -23, -6, 16, 2, -56, 13, -1, 8, 18, 17, -4, 17, -52, -50, 27, -31, 33, 10, -22, 7, 24, 64, 31, -18, 28, 21, -12, 28, 59, 23, 6, -18, -7, 0, -11, 23, -25, 7, -58, -7, 29, 51, -45, 23, -33, -21, -2, -6, -18, -11], 45
268855, 78452103712, [25, 51, -43, 21, -39, -25, -15, 28, -17, -33, -1, -1, -4, 25, 30, 45, 30, -18, 22, 24, 5, -23, 14, 2, -24, -11, -33, -17, -70, 32, -28, -23, 48, -38, -20, 20, -12, 21, -41, -6, 26, 43, -2, -37, -36, -12, 13, 6, -3, 26, -21, 23, 7], 45
217620, 101781272853, [11, -21, -3, -41, 33, -38, -7, 12, 64, -17, -36, -64, 8, 13, -25, -16, 28, 30, 1, -23, -22, 6, 10, -33, -40, -5, 9, -8, 19, -6, 0, -35, -13, -3, 32, 33, -23, -40, 9, 18, 18, -34, 22, 14, 9, 12, -5, 7, 59, -47, -27, 13, 58], 45
419692, 161631036846, [-3, -9, -33, -4, -28, 11, -16, 19, -32, 21, -24, -18, -1, 18, 12, 66, 31, -23, 12, 10, 26, -39, 33, -14, 16, -41, -16, 26, -38, 28, -11, 9, 29, -39, 4, 19, 45, -4, -21, 6, 6, 20, 27, -42, -51, 16, 12, -14, 43, 18, -21, 18, 3, 5], 45
412843, 203065458833, [15, -32, 3, -22, -8, 19, -6, -25, -10, 32, -13, -5, -13, 6, -33, -31, -23, -67, -29, 28, -3, -33, -4, 2, 33, -6, -4, 4, -16, -10, 19, 5, 93, -5, -31, -18, 22, -3, -20, -24, 22, 35, 20, 15, 37, 60, -4, 0, -20, -1, 16, -17, -16, -12], 45
336940, 177781479142, [15, -25, 6, -5, 9, 25, -3, 57, -5, 1, -3, -12, 22, 10, -3, -26, 45, -16, 4, -7, -5, -8, -21, -27, -10, -15, -31, -46, 40, 3, -1, 36, 25, -32, 4, -10, 33, 14, -6, 4, 42, -43, 5, 39, -24, -9, 29, -59, 1, -37, -11, 20, 11, -64], 45
217241, 96613468967, [23, 31, -17, -28, -25, 1, 1, 15, 24, 25, 47, -27, 56, -55, 26, 14, -11, 11, -27, -10, 41, -2, -19, -31, 1, -51, -34, -2, 4, 37, -39, 22, 10, 10, 31, -4, -4, 16, 24, -23, -45, -9, 43, -5, 18, 2, -25, 1, -10, -1, -21, -4, 39, -49], 45
995359, 270571650029, [-32, 27, -4, 1, 11, 32, 15, -48, -11, 9, 6, -7, 3, 26, 13, -19, 57, 47, 9, 11, -24, -45, 5, 13, -40, 29, -3, 29, -32, -4, 23, -42, 9, 2, 17, 20, 5, 27, 23, -1, -3, 29, 11, -37, -7, -15, -3, 8, -2, -42, -5, 0, 0, -20, 29], 48
687316, 273687711834, [24, 27, -49, 16, 5, -13, -6, -55, 37, 12, 16, 20, -11, 11, -19, -1, 16, 5, 12, 11, 11, -21, -36, -19, 13, -12, 23, 46, 14, -7, 0, -1, 6, 1, -51, -42, -24, -22, -2, 27, 13, -24, 14, -22, 28, 15, -9, 7, -7, 4, -7, -13, 13, -26, 68], 48
10349578, 2456997177983, [8, -1, -34, -21, -3, -65, -3, 0, -11, -6, 16, 11, 17, 61, 10, 6, 19, -15, -9, -17, -18, -18, 18, 10, 3, 29, 16, 13, 34, 1, -20, 29, 28, -22, -6, 21, -28, 16, 10, -8, -12, -33, -32, 34, 0, -14, 19, 16, -63, 42, 2, -13, 11, 1, 19], 48
3008395, 880312026436, [-13, -39, 7, 11, -32, -37, -24, 50, -48, 23, 5, -19, 7, -12, -10, 20, -14, 28, -6, 11, -11, -9, 7, -21, 21, 48, -1, 23, 37, -19, -32, 3, -37, 49, 11, -17, 18, 5, -30, 1, -9, -5, 30, 11, 29, 1, 6, 17, -18, -5, 11, 2, 29, 19, 35], 48
437463, 152708632535, [-11, -23, 5, 14, 14, -33, -12, -1, -27, 4, -22, -5, 5, 31, 6, 23, -24, 18, 5, -21, -7, -22, 29, -3, -17, 18, -13, -17, -8, 5, -38, -4, -59, -20, 5, 28, 5, -7, 15, -6, 36, 29, 33, -30, 23, -31, -3, -9, -28, 39, -9, 12, 15, -9, 26, -48], 48
2587338, 1167235896699, [-14, 32, -46, 25, -54, -22, -8, 40, -28, 27, 11, -12, -7, 3, -13, 16, 24, 9, -32, 11, 7, 19, 23, -4, -22, 7, -18, -11, -28, 0, 22, 21, 25, -22, -4, -7, 16, 13, -18, -25, 8, 9, 13, 22, -28, -28, 43, -5, -21, 11, -7, 12, 12, -6, 9, 28], 48
11283949, 4904217956532, [-11, 15, 8, 18, 17, 16, 6, 21, 6, -31, 21, -1, 31, -7, 16, 10, 6, -8, -41, -29, -16, -41, -8, 16, -14, 17, -10, -5, -38, 1, -18, 6, -32, 11, 16, 27, -3, -11, 24, -5, -15, -43, -59, 10, -17, -3, -21, 10, 2, 0, -28, -20, -6, 22, 48, -25], 48
1228309, 609496580524, [3, 9, -7, 22, -23, -18, -27, -18, -33, 2, -2, -25, 48, 9, -13, 8, -34, 4, 3, -26, 33, 1, 10, -1, -19, -21, 4, -6, -19, -4, 26, 13, 19, 3, 19, -12, -14, 16, 59, 17, -11, -12, -1, 6, 30, 3, 22, -11, -30, -24, 7, -13, 13, 24, -14, 8], 48
729693, 374341080810, [8, -4, -4, 17, 23, 2, -48, -7, -5, -31, 6, -1, 0, -16, 8, -15, 0, 47, -35, 27, 3, -3, 19, -17, 7, 25, -7, 10, 11, -17, -9, -12, -10, -23, 14, -22, -21, -16, 11, 23, -29, 7, 14, 21, 10, 2, -9, -24, -19, 20, -39, 1, -36, -1, -10, 26, 18], 48
1190493, 496989520140, [-21, -1, 2, -4, 34, -15, 4, 8, 13, -15, 12, 6, -25, -9, 5, 1, 1, 15, 6, 47, 16, 3, -9, -20, 4, 40, 10, -6, 20, 22, -20, 17, -23, -45, 5, 14, -6, -28, 3, -28, -24, -9, -27, -10, -57, -1, -1, 31, -5, -42, -14, 23, -16, 15, 16, 6, -7], 48
746792, 388274052474, [8, -11, -28, -1, 46, -30, -25, 37, 26, -14, -17, -5, -10, 6, -11, 1, -29, 23, -13, 37, 2, -11, 8, -9, 29, 3, 2, 8, -5, -11, 14, -22, 18, 46, -26, 16, -20, 17, 11, -4, -7, 40, 6, 2, 11, -6, 8, -10, 17, -22, -8, -17, 5, 10, 17, -3, -38], 48
1092544, 567626277799, [3, 9, -7, 22, -23, -18, -27, -18, -33, 2, -2, -25, 48, 9, -13, 8, -34, 4, 3, -26, 33, 1, 10, -1, -19, -21, 4, -6, -19, -4, 26, 13, 19, 3, 19, -12, -14, 16, 59, 17, -11, -12, -1, 6, 30, 3, 22, -11, -30, -24, 7, -13, 13, 24, -14, 8, 0], 48
7036961, 1430593615835, [25, 14, 17, -28, 2, 17, -1, 10, 25, -2, -22, 4, -27, -5, -3, 36, -5, 46, -8, -15, -21, 4, -15, -4, -16, 19, -1, 12, -17, 6, -18, -26, -13, -13, -20, 25, -34, -6, 2, 49, -2, 19, 13, 2, -28, 13, 12, -11, 11, -18, -17, 15, 5, 22, -5, -10, -28, 19], 51